 2.354424311E+03	 5.407999878E+02
 2.356537307E+03	 5.407999878E+02
 2.358649680E+03	 5.399000244E+02
 2.360761430E+03	 5.432000122E+02
 2.362872558E+03	 5.437000122E+02
 2.364983064E+03	 5.437000122E+02
 2.367092948E+03	 5.400999756E+02
 2.369202210E+03	 5.422999878E+02
 2.371310851E+03	 5.420999756E+02
 2.373418871E+03	 5.425999756E+02
 2.375526271E+03	 5.447999878E+02
 2.377633050E+03	 5.420000000E+02
 2.379739209E+03	 5.405000000E+02
 2.381844748E+03	 5.440999756E+02
 2.383949668E+03	 5.422999878E+02
 2.386053969E+03	 5.432999878E+02
 2.388157650E+03	 5.434000244E+02
 2.390260713E+03	 5.442999878E+02
 2.392363158E+03	 5.420000000E+02
 2.394464984E+03	 5.420000000E+02
 2.396566193E+03	 5.452000122E+02
 2.398666784E+03	 5.430999756E+02
 2.400766758E+03	 5.444000244E+02
 2.402866115E+03	 5.430999756E+02
 2.404964855E+03	 5.432999878E+02
 2.407062979E+03	 5.440000000E+02
 2.409160487E+03	 5.425999756E+02
 2.411257379E+03	 5.445999756E+02
 2.413353655E+03	 5.417000122E+02
 2.415449316E+03	 5.460999756E+02
 2.417544362E+03	 5.442000122E+02
 2.419638794E+03	 5.455999756E+02
 2.421732611E+03	 5.462000122E+02
 2.423825814E+03	 5.460999756E+02
 2.425918403E+03	 5.452000122E+02
 2.428010378E+03	 5.475000000E+02
 2.430101741E+03	 5.439000244E+02
 2.432192490E+03	 5.445999756E+02
 2.434282626E+03	 5.469000244E+02
 2.436372151E+03	 5.499000244E+02
 2.438461062E+03	 5.505999756E+02
 2.440549363E+03	 5.444000244E+02
 2.442637051E+03	 5.469000244E+02
 2.444724128E+03	 5.472999878E+02
 2.446810594E+03	 5.480999756E+02
 2.448896450E+03	 5.504000244E+02
 2.450981695E+03	 5.477999878E+02
 2.453066330E+03	 5.487999878E+02
 2.455150355E+03	 5.502999878E+02
 2.457233770E+03	 5.512999878E+02
 2.459316576E+03	 5.539000244E+02
 2.461398773E+03	 5.492999878E+02
 2.463480361E+03	 5.519000244E+02
 2.465561340E+03	 5.489000244E+02
 2.467641712E+03	 5.482000122E+02
 2.469721475E+03	 5.524000244E+02
 2.471800631E+03	 5.507999878E+02
 2.473879180E+03	 5.539000244E+02
 2.475957121E+03	 5.540000000E+02
 2.478034456E+03	 5.505999756E+02
 2.480111184E+03	 5.547000122E+02
 2.482187305E+03	 5.564000244E+02
 2.484262821E+03	 5.564000244E+02
 2.486337731E+03	 5.577000122E+02
 2.488412036E+03	 5.562999878E+02
 2.490485736E+03	 5.629000244E+02
 2.492558830E+03	 5.624000244E+02
 2.494631320E+03	 5.632999878E+02
 2.496703206E+03	 5.667000122E+02
 2.498774488E+03	 5.632999878E+02
 2.500845166E+03	 5.624000244E+02
 2.502915241E+03	 5.620999756E+02
 2.504984712E+03	 5.645999756E+02
 2.507053581E+03	 5.625999756E+02
 2.509121847E+03	 5.642000122E+02
 2.511189510E+03	 5.609000244E+02
 2.513256572E+03	 5.662000122E+02
 2.515323032E+03	 5.610000000E+02
 2.517388890E+03	 5.577000122E+02
 2.519454147E+03	 5.585999756E+02
 2.521518803E+03	 5.600000000E+02
 2.523582858E+03	 5.560999756E+02
 2.525646313E+03	 5.582999878E+02
 2.527709168E+03	 5.542000122E+02
 2.529771423E+03	 5.552999878E+02
 2.531833078E+03	 5.565000000E+02
 2.533894134E+03	 5.540000000E+02
 2.535954591E+03	 5.557000122E+02
 2.538014450E+03	 5.542000122E+02
 2.540073710E+03	 5.502999878E+02
 2.542132371E+03	 5.517000122E+02
 2.544190435E+03	 5.545000000E+02
 2.546247901E+03	 5.497999878E+02
 2.548304770E+03	 5.484000244E+02
 2.550361042E+03	 5.487000122E+02
 2.552416716E+03	 5.474000244E+02
 2.554471795E+03	 5.465000000E+02
 2.556526277E+03	 5.460999756E+02
 2.558580163E+03	 5.440999756E+02
 2.560633453E+03	 5.427000122E+02
 2.562686148E+03	 5.460000000E+02
 2.564738248E+03	 5.447000122E+02
 2.566789753E+03	 5.390999756E+02
 2.568840664E+03	 5.410000000E+02
 2.570890980E+03	 5.402999878E+02
 2.572940702E+03	 5.369000244E+02
 2.574989830E+03	 5.404000244E+02
 2.577038364E+03	 5.365000000E+02
 2.579086306E+03	 5.352999878E+02
 2.581133654E+03	 5.360000000E+02
 2.583180410E+03	 5.365999756E+02
 2.585226574E+03	 5.367999878E+02
 2.587272145E+03	 5.387999878E+02
 2.589317124E+03	 5.367999878E+02
 2.591361512E+03	 5.367999878E+02
 2.593405309E+03	 5.384000244E+02
 2.595448514E+03	 5.380000000E+02
 2.597491129E+03	 5.365000000E+02
 2.599533153E+03	 5.370000000E+02
 2.601574587E+03	 5.340999756E+02
 2.603615431E+03	 5.339000244E+02
 2.605655686E+03	 5.360999756E+02
 2.607695351E+03	 5.360000000E+02
 2.609734426E+03	 5.325999756E+02
 2.611772913E+03	 5.360000000E+02
 2.613810812E+03	 5.369000244E+02
 2.615848122E+03	 5.332999878E+02
 2.617884844E+03	 5.347999878E+02
 2.619920978E+03	 5.344000244E+02
 2.621956525E+03	 5.374000244E+02
 2.623991485E+03	 5.342999878E+02
 2.626025857E+03	 5.374000244E+02
 2.628059643E+03	 5.347999878E+02
 2.630092843E+03	 5.340000000E+02
 2.632125456E+03	 5.352999878E+02
 2.634157484E+03	 5.330000000E+02
 2.636188926E+03	 5.330000000E+02
 2.638219783E+03	 5.330000000E+02
 2.640250054E+03	 5.335999756E+02
 2.642279741E+03	 5.347999878E+02
 2.644308843E+03	 5.332000122E+02
 2.646337361E+03	 5.334000244E+02
 2.648365296E+03	 5.340000000E+02
 2.650392646E+03	 5.334000244E+02
 2.652419413E+03	 5.345999756E+02
 2.654445597E+03	 5.312000122E+02
 2.656471198E+03	 5.327999878E+02
 2.658496216E+03	 5.344000244E+02
 2.660520652E+03	 5.337999878E+02
 2.662544506E+03	 5.327999878E+02
 2.664567778E+03	 5.325000000E+02
 2.666590469E+03	 5.335000000E+02
 2.668612578E+03	 5.324000244E+02
 2.670634106E+03	 5.344000244E+02
 2.672655054E+03	 5.329000244E+02
 2.674675421E+03	 5.327999878E+02
 2.676695208E+03	 5.335999756E+02
 2.678714415E+03	 5.332000122E+02
 2.680733042E+03	 5.352000122E+02
 2.682751090E+03	 5.319000244E+02
 2.684768559E+03	 5.329000244E+02
 2.686785449E+03	 5.345999756E+02
 2.688801761E+03	 5.325999756E+02
 2.690817494E+03	 5.352999878E+02
 2.692832649E+03	 5.327999878E+02
 2.694847226E+03	 5.395999756E+02
 2.696861226E+03	 5.357999878E+02
 2.698874649E+03	 5.342000122E+02
 2.700887494E+03	 5.350000000E+02
 2.702899763E+03	 5.327000122E+02
 2.704911456E+03	 5.317999878E+02
 2.706922572E+03	 5.309000244E+02
 2.708933112E+03	 5.270999756E+02
 2.710943077E+03	 5.245000000E+02
 2.712952467E+03	 5.227999878E+02
 2.714961281E+03	 5.222000122E+02
 2.716969520E+03	 5.240999756E+02
 2.718977185E+03	 5.217999878E+02
 2.720984276E+03	 5.192999878E+02
 2.722990792E+03	 5.197000122E+02
 2.724996735E+03	 5.195999756E+02
 2.727002104E+03	 5.187999878E+02
 2.729006900E+03	 5.192999878E+02
 2.731011124E+03	 5.194000244E+02
 2.733014774E+03	 5.212000122E+02
 2.735017852E+03	 5.180999756E+02
 2.737020358E+03	 5.207000122E+02
 2.739022291E+03	 5.189000244E+02
 2.741023654E+03	 5.197000122E+02
 2.743024444E+03	 5.207000122E+02
 2.745024664E+03	 5.202999878E+02
 2.747024313E+03	 5.187999878E+02
 2.749023391E+03	 5.185999756E+02
 2.751021899E+03	 5.195000000E+02
 2.753019837E+03	 5.217000122E+02
 2.755017205E+03	 5.202000122E+02
 2.757014004E+03	 5.212000122E+02
 2.759010233E+03	 5.234000244E+02
 2.761005894E+03	 5.197000122E+02
 2.763000985E+03	 5.210999756E+02
 2.764995508E+03	 5.187999878E+02
 2.766989463E+03	 5.190000000E+02
 2.768982850E+03	 5.197999878E+02
 2.770975670E+03	 5.190000000E+02
 2.772967921E+03	 5.204000244E+02
 2.774959606E+03	 5.189000244E+02
 2.776950724E+03	 5.207000122E+02
 2.778941275E+03	 5.202999878E+02
 2.780931260E+03	 5.184000244E+02
 2.782920679E+03	 5.200000000E+02
 2.784909532E+03	 5.205999756E+02
 2.786897819E+03	 5.227999878E+02
 2.788885541E+03	 5.194000244E+02
 2.790872698E+03	 5.210000000E+02
 2.792859290E+03	 5.210000000E+02
 2.794845318E+03	 5.199000244E+02
 2.796830782E+03	 5.180000000E+02
 2.798815681E+03	 5.187999878E+02
 2.800800017E+03	 5.197000122E+02
 2.802783789E+03	 5.212000122E+02
 2.804766998E+03	 5.197000122E+02
 2.806749644E+03	 5.195000000E+02
 2.808731727E+03	 5.207000122E+02
 2.810713248E+03	 5.205000000E+02
 2.812694207E+03	 5.212000122E+02
 2.814674604E+03	 5.185999756E+02
 2.816654439E+03	 5.219000244E+02
 2.818633713E+03	 5.205999756E+02
 2.820612426E+03	 5.190000000E+02
 2.822590577E+03	 5.209000244E+02
 2.824568169E+03	 5.177000122E+02
 2.826545200E+03	 5.200999756E+02
 2.828521670E+03	 5.207999878E+02
 2.830497581E+03	 5.202999878E+02
 2.832472933E+03	 5.180000000E+02
 2.834447725E+03	 5.180999756E+02
 2.836421958E+03	 5.205999756E+02
 2.838395632E+03	 5.217000122E+02
 2.840368748E+03	 5.205000000E+02
 2.842341305E+03	 5.200000000E+02
 2.844313305E+03	 5.220000000E+02
 2.846284746E+03	 5.190999756E+02
 2.848255631E+03	 5.202999878E+02
 2.850225958E+03	 5.204000244E+02
 2.852195728E+03	 5.190999756E+02
 2.854164941E+03	 5.205999756E+02
 2.856133598E+03	 5.207000122E+02
 2.858101699E+03	 5.202000122E+02
 2.860069243E+03	 5.187999878E+02
 2.862036232E+03	 5.195999756E+02
 2.864002666E+03	 5.190999756E+02
 2.865968544E+03	 5.222999878E+02
 2.867933868E+03	 5.214000244E+02
 2.869898637E+03	 5.209000244E+02
 2.871862851E+03	 5.205999756E+02
 2.873826512E+03	 5.215000000E+02
 2.875789618E+03	 5.222000122E+02
 2.877752171E+03	 5.190999756E+02
 2.879714171E+03	 5.192000122E+02
 2.881675617E+03	 5.187999878E+02
 2.883636511E+03	 5.195999756E+02
 2.885596852E+03	 5.219000244E+02
 2.887556640E+03	 5.214000244E+02
 2.889515877E+03	 5.222000122E+02
 2.891474562E+03	 5.205000000E+02
 2.893432695E+03	 5.227000122E+02
 2.895390277E+03	 5.192000122E+02
 2.897347308E+03	 5.215999756E+02
 2.899303788E+03	 5.212999878E+02
 2.901259717E+03	 5.202999878E+02
 2.903215096E+03	 5.217000122E+02
 2.905169926E+03	 5.204000244E+02
 2.907124205E+03	 5.212000122E+02
 2.909077935E+03	 5.199000244E+02
 2.911031115E+03	 5.212999878E+02
 2.912983747E+03	 5.212999878E+02
 2.914935830E+03	 5.212000122E+02
 2.916887364E+03	 5.207999878E+02
 2.918838350E+03	 5.195000000E+02
 2.920788789E+03	 5.227000122E+02
 2.922738679E+03	 5.225999756E+02
 2.924688022E+03	 5.210000000E+02
 2.926636818E+03	 5.214000244E+02
 2.928585066E+03	 5.210999756E+02
 2.930532768E+03	 5.210999756E+02
 2.932479924E+03	 5.195000000E+02
 2.934426533E+03	 5.200000000E+02
 2.936372597E+03	 5.232000122E+02
 2.938318114E+03	 5.215999756E+02
 2.940263087E+03	 5.207999878E+02
 2.942207514E+03	 5.222999878E+02
 2.944151396E+03	 5.200000000E+02
 2.946094733E+03	 5.210999756E+02
 2.948037526E+03	 5.205000000E+02
 2.949979775E+03	 5.195999756E+02
 2.951921480E+03	 5.207000122E+02
 2.953862641E+03	 5.227999878E+02
 2.955803259E+03	 5.210999756E+02
 2.957743334E+03	 5.205000000E+02
 2.959682865E+03	 5.184000244E+02
 2.961621854E+03	 5.215000000E+02
 2.963560301E+03	 5.207000122E+02
 2.965498205E+03	 5.210000000E+02
 2.967435568E+03	 5.204000244E+02
 2.969372389E+03	 5.205000000E+02
 2.971308668E+03	 5.222999878E+02
 2.973244407E+03	 5.209000244E+02
 2.975179604E+03	 5.210000000E+02
 2.977114261E+03	 5.210999756E+02
 2.979048377E+03	 5.214000244E+02
 2.980981953E+03	 5.194000244E+02
 2.982914990E+03	 5.219000244E+02
 2.984847486E+03	 5.212999878E+02
 2.986779444E+03	 5.189000244E+02
 2.988710862E+03	 5.205000000E+02
 2.990641741E+03	 5.200999756E+02
 2.992572082E+03	 5.220999756E+02
 2.994501884E+03	 5.192999878E+02
 2.996431148E+03	 5.200000000E+02
 2.998359874E+03	 5.195999756E+02
 3.000288062E+03	 5.192999878E+02
 3.002215713E+03	 5.192999878E+02
 3.004142827E+03	 5.215999756E+02
 3.006069404E+03	 5.212999878E+02
 3.007995445E+03	 5.199000244E+02
 3.009920949E+03	 5.220000000E+02
 3.011845917E+03	 5.205000000E+02
 3.013770349E+03	 5.219000244E+02
 3.015694245E+03	 5.194000244E+02
 3.017617606E+03	 5.209000244E+02
 3.019540432E+03	 5.230000000E+02
 3.021462722E+03	 5.190999756E+02
 3.023384479E+03	 5.189000244E+02
 3.025305700E+03	 5.199000244E+02
 3.027226388E+03	 5.207999878E+02
 3.029146542E+03	 5.194000244E+02
 3.031066162E+03	 5.192999878E+02
 3.032985248E+03	 5.185000000E+02
 3.034903802E+03	 5.225999756E+02
 3.036821822E+03	 5.210999756E+02
 3.038739310E+03	 5.190000000E+02
 3.040656266E+03	 5.187000122E+02
 3.042572689E+03	 5.205999756E+02
 3.044488580E+03	 5.197000122E+02
 3.046403940E+03	 5.227000122E+02
 3.048318768E+03	 5.212000122E+02
 3.050233065E+03	 5.197999878E+02
 3.052146831E+03	 5.180999756E+02
 3.054060066E+03	 5.225999756E+02
 3.055972771E+03	 5.217000122E+02
 3.057884946E+03	 5.217999878E+02
 3.059796591E+03	 5.197999878E+02
 3.061707706E+03	 5.210999756E+02
 3.063618291E+03	 5.220000000E+02
 3.065528348E+03	 5.192999878E+02
 3.067437875E+03	 5.212999878E+02
 3.069346874E+03	 5.194000244E+02
 3.071255344E+03	 5.180000000E+02
 3.073163286E+03	 5.212000122E+02
 3.075070700E+03	 5.217000122E+02
 3.076977586E+03	 5.234000244E+02
 3.078883945E+03	 5.197000122E+02
 3.080789776E+03	 5.210000000E+02
 3.082695080E+03	 5.192999878E+02
 3.084599858E+03	 5.205999756E+02
 3.086504109E+03	 5.182999878E+02
 3.088407834E+03	 5.217999878E+02
 3.090311033E+03	 5.202000122E+02
 3.092213706E+03	 5.190999756E+02
 3.094115853E+03	 5.214000244E+02
 3.096017475E+03	 5.207000122E+02
 3.097918573E+03	 5.210000000E+02
 3.099819145E+03	 5.187999878E+02
 3.101719193E+03	 5.179000244E+02
 3.103618716E+03	 5.202999878E+02
 3.105517715E+03	 5.205999756E+02
 3.107416191E+03	 5.205999756E+02
 3.109314142E+03	 5.199000244E+02
 3.111211571E+03	 5.200000000E+02
 3.113108476E+03	 5.189000244E+02
 3.115004859E+03	 5.195999756E+02
 3.116900719E+03	 5.200999756E+02
 3.118796056E+03	 5.197999878E+02
 3.120690872E+03	 5.192000122E+02
 3.122585165E+03	 5.210999756E+02
 3.124478937E+03	 5.209000244E+02
 3.126372187E+03	 5.197999878E+02
 3.128264917E+03	 5.180999756E+02
 3.130157125E+03	 5.190999756E+02
 3.132048812E+03	 5.200000000E+02
 3.133939980E+03	 5.175000000E+02
 3.135830627E+03	 5.187000122E+02
 3.137720754E+03	 5.192999878E+02
 3.139610361E+03	 5.202999878E+02
 3.141499449E+03	 5.200999756E+02
 3.143388017E+03	 5.182000122E+02
 3.145276067E+03	 5.202999878E+02
 3.147163597E+03	 5.215000000E+02
 3.149050610E+03	 5.194000244E+02
 3.150937104E+03	 5.202999878E+02
 3.152823080E+03	 5.184000244E+02
 3.154708538E+03	 5.199000244E+02
 3.156593478E+03	 5.210000000E+02
 3.158477902E+03	 5.210999756E+02
 3.160361808E+03	 5.197999878E+02
 3.162245197E+03	 5.205000000E+02
 3.164128070E+03	 5.194000244E+02
 3.166010426E+03	 5.200999756E+02
 3.167892266E+03	 5.180999756E+02
 3.169773591E+03	 5.177999878E+02
 3.171654400E+03	 5.205999756E+02
 3.173534693E+03	 5.189000244E+02
 3.175414471E+03	 5.209000244E+02
 3.177293734E+03	 5.195000000E+02
 3.179172483E+03	 5.209000244E+02
 3.181050717E+03	 5.207000122E+02
 3.182928437E+03	 5.200000000E+02
 3.184805643E+03	 5.197999878E+02
 3.186682335E+03	 5.192000122E+02
 3.188558514E+03	 5.172000122E+02
 3.190434179E+03	 5.205000000E+02
 3.192309332E+03	 5.220999756E+02
 3.194183972E+03	 5.192999878E+02
 3.196058099E+03	 5.210000000E+02
 3.197931714E+03	 5.194000244E+02
 3.199804816E+03	 5.199000244E+02
 3.201677407E+03	 5.212999878E+02
 3.203549487E+03	 5.195000000E+02
 3.205421055E+03	 5.189000244E+02
 3.207292112E+03	 5.202999878E+02
 3.209162658E+03	 5.189000244E+02
 3.211032693E+03	 5.195000000E+02
 3.212902218E+03	 5.200999756E+02
 3.214771233E+03	 5.217999878E+02
 3.216639738E+03	 5.197000122E+02
 3.218507733E+03	 5.185000000E+02
 3.220375218E+03	 5.212000122E+02
 3.222242195E+03	 5.210999756E+02
 3.224108662E+03	 5.205000000E+02
 3.225974621E+03	 5.192999878E+02
 3.227840071E+03	 5.177999878E+02
 3.229705013E+03	 5.190999756E+02
 3.231569447E+03	 5.202000122E+02
 3.233433373E+03	 5.200000000E+02
 3.235296792E+03	 5.175999756E+02
 3.237159703E+03	 5.232000122E+02
 3.239022107E+03	 5.200000000E+02
 3.240884004E+03	 5.180000000E+02
 3.242745395E+03	 5.212999878E+02
 3.244606279E+03	 5.225999756E+02
 3.246466657E+03	 5.217000122E+02
 3.248326529E+03	 5.195999756E+02
 3.250185895E+03	 5.187000122E+02
 3.252044756E+03	 5.190999756E+02
 3.253903112E+03	 5.207999878E+02
 3.255760962E+03	 5.195000000E+02
 3.257618308E+03	 5.200999756E+02
 3.259475150E+03	 5.197999878E+02
 3.261331487E+03	 5.200000000E+02
 3.263187320E+03	 5.185999756E+02
 3.265042649E+03	 5.202999878E+02
 3.266897474E+03	 5.212000122E+02
 3.268751797E+03	 5.190000000E+02
 3.270605616E+03	 5.207000122E+02
 3.272458932E+03	 5.214000244E+02
 3.274311745E+03	 5.202000122E+02
 3.276164057E+03	 5.197000122E+02
 3.278015866E+03	 5.197000122E+02
 3.279867172E+03	 5.212999878E+02
 3.281717978E+03	 5.202999878E+02
 3.283568281E+03	 5.205000000E+02
 3.285418084E+03	 5.184000244E+02
 3.287267385E+03	 5.210999756E+02
 3.289116186E+03	 5.207999878E+02
 3.290964486E+03	 5.199000244E+02
 3.292812286E+03	 5.202999878E+02
 3.294659585E+03	 5.190999756E+02
 3.296506385E+03	 5.199000244E+02
 3.298352685E+03	 5.192999878E+02
 3.300198486E+03	 5.207000122E+02
 3.302043787E+03	 5.200000000E+02
 3.303888590E+03	 5.210999756E+02
 3.305732893E+03	 5.192999878E+02
 3.307576699E+03	 5.222000122E+02
 3.309420006E+03	 5.200999756E+02
 3.311262815E+03	 5.205000000E+02
 3.313105126E+03	 5.190999756E+02
 3.314946940E+03	 5.215999756E+02
 3.316788256E+03	 5.209000244E+02
 3.318629075E+03	 5.209000244E+02
 3.320469397E+03	 5.187999878E+02
 3.322309223E+03	 5.210999756E+02
 3.324148552E+03	 5.202000122E+02
 3.325987385E+03	 5.205000000E+02
 3.327825722E+03	 5.192000122E+02
 3.329663564E+03	 5.200000000E+02
 3.331500909E+03	 5.220000000E+02
 3.333337760E+03	 5.195999756E+02
 3.335174115E+03	 5.187000122E+02
 3.337009976E+03	 5.204000244E+02
 3.338845342E+03	 5.187000122E+02
 3.340680214E+03	 5.210000000E+02
 3.342514592E+03	 5.200999756E+02
 3.344348475E+03	 5.195000000E+02
 3.346181865E+03	 5.200000000E+02
 3.348014762E+03	 5.194000244E+02
 3.349847165E+03	 5.182999878E+02
 3.351679076E+03	 5.210999756E+02
 3.353510493E+03	 5.197999878E+02
 3.355341418E+03	 5.210999756E+02
 3.357171851E+03	 5.200999756E+02
 3.359001792E+03	 5.200000000E+02
 3.360831240E+03	 5.199000244E+02
 3.362660198E+03	 5.200000000E+02
 3.364488663E+03	 5.197999878E+02
 3.366316638E+03	 5.197999878E+02
 3.368144122E+03	 5.190999756E+02
 3.369971115E+03	 5.190999756E+02
 3.371797617E+03	 5.199000244E+02
 3.373623629E+03	 5.187000122E+02
 3.375449151E+03	 5.202000122E+02
 3.377274184E+03	 5.220000000E+02
 3.379098727E+03	 5.230999756E+02
 3.380922780E+03	 5.197999878E+02
 3.382746344E+03	 5.204000244E+02
 3.384569420E+03	 5.180999756E+02
 3.386392006E+03	 5.235000000E+02
 3.388214104E+03	 5.187000122E+02
 3.390035714E+03	 5.225999756E+02
 3.391856836E+03	 5.199000244E+02
 3.393677470E+03	 5.242999878E+02
 3.395497617E+03	 5.220999756E+02
 3.397317276E+03	 5.187999878E+02
 3.399136448E+03	 5.209000244E+02
 3.400955134E+03	 5.205000000E+02
 3.402773332E+03	 5.212999878E+02
 3.404591045E+03	 5.207000122E+02
 3.406408270E+03	 5.182999878E+02
 3.408225010E+03	 5.207999878E+02
 3.410041265E+03	 5.200000000E+02
 3.411857033E+03	 5.190000000E+02
 3.413672317E+03	 5.207000122E+02
 3.415487115E+03	 5.212000122E+02
 3.417301428E+03	 5.190000000E+02
 3.419115257E+03	 5.192000122E+02
 3.420928602E+03	 5.222000122E+02
 3.422741462E+03	 5.192000122E+02
 3.424553838E+03	 5.202000122E+02
 3.426365730E+03	 5.195999756E+02
 3.428177139E+03	 5.207999878E+02
 3.429988065E+03	 5.194000244E+02
 3.431798507E+03	 5.197999878E+02
 3.433608467E+03	 5.210999756E+02
 3.435417944E+03	 5.207000122E+02
 3.437226938E+03	 5.202000122E+02
 3.439035451E+03	 5.210000000E+02
 3.440843481E+03	 5.204000244E+02
 3.442651030E+03	 5.212999878E+02
 3.444458097E+03	 5.185999756E+02
 3.446264683E+03	 5.225000000E+02
 3.448070788E+03	 5.204000244E+02
 3.449876412E+03	 5.215000000E+02
 3.451681555E+03	 5.210999756E+02
 3.453486218E+03	 5.195000000E+02
 3.455290400E+03	 5.197999878E+02
 3.457094103E+03	 5.222999878E+02
 3.458897326E+03	 5.195000000E+02
 3.460700069E+03	 5.209000244E+02
 3.462502333E+03	 5.189000244E+02
 3.464304118E+03	 5.202999878E+02
 3.466105424E+03	 5.194000244E+02
 3.467906252E+03	 5.197000122E+02
 3.469706601E+03	 5.205999756E+02
 3.471506472E+03	 5.220999756E+02
 3.473305864E+03	 5.190999756E+02
 3.475104779E+03	 5.202000122E+02
 3.476903217E+03	 5.209000244E+02
 3.478701177E+03	 5.215000000E+02
 3.480498660E+03	 5.212000122E+02
 3.482295666E+03	 5.195999756E+02
 3.484092196E+03	 5.210000000E+02
 3.485888249E+03	 5.195999756E+02
 3.487683825E+03	 5.212000122E+02
 3.489478926E+03	 5.189000244E+02
 3.491273551E+03	 5.197000122E+02
 3.493067700E+03	 5.195999756E+02
 3.494861374E+03	 5.189000244E+02
 3.496654573E+03	 5.197999878E+02
 3.498447297E+03	 5.222000122E+02
 3.500239546E+03	 5.209000244E+02
 3.502031321E+03	 5.205000000E+02
 3.503822621E+03	 5.190000000E+02
 3.505613448E+03	 5.200000000E+02
 3.507403800E+03	 5.199000244E+02
 3.509193679E+03	 5.205000000E+02
 3.510983085E+03	 5.175000000E+02
 3.512772017E+03	 5.207999878E+02
 3.514560477E+03	 5.202999878E+02
 3.516348463E+03	 5.207999878E+02
 3.518135977E+03	 5.192000122E+02
 3.519923019E+03	 5.195000000E+02
 3.521709589E+03	 5.214000244E+02
 3.523495687E+03	 5.204000244E+02
 3.525281313E+03	 5.192000122E+02
 3.527066468E+03	 5.204000244E+02
 3.528851151E+03	 5.197000122E+02
 3.530635364E+03	 5.187999878E+02
 3.532419105E+03	 5.192999878E+02
 3.534202376E+03	 5.187999878E+02
 3.535985177E+03	 5.204000244E+02
 3.537767508E+03	 5.195000000E+02
 3.539549368E+03	 5.205999756E+02
 3.541330759E+03	 5.187999878E+02
 3.543111681E+03	 5.207000122E+02
 3.544892133E+03	 5.189000244E+02
 3.546672116E+03	 5.210000000E+02
 3.548451630E+03	 5.207999878E+02
 3.550230676E+03	 5.209000244E+02
 3.552009253E+03	 5.185999756E+02
 3.553787362E+03	 5.182000122E+02
 3.555565003E+03	 5.195000000E+02
 3.557342176E+03	 5.195999756E+02
 3.559118881E+03	 5.184000244E+02
 3.560895119E+03	 5.217000122E+02
 3.562670890E+03	 5.212999878E+02
 3.564446195E+03	 5.177999878E+02
 3.566221032E+03	 5.199000244E+02
 3.567995403E+03	 5.185999756E+02
 3.569769308E+03	 5.210000000E+02
 3.571542746E+03	 5.194000244E+02
 3.573315719E+03	 5.185999756E+02
 3.575088226E+03	 5.182000122E+02
 3.576860268E+03	 5.194000244E+02
 3.578631844E+03	 5.177999878E+02
 3.580402955E+03	 5.194000244E+02
 3.582173602E+03	 5.184000244E+02
 3.583943784E+03	 5.210000000E+02
 3.585713502E+03	 5.187999878E+02
 3.587482755E+03	 5.195000000E+02
 3.589251545E+03	 5.177000122E+02
 3.591019871E+03	 5.235999756E+02
 3.592787733E+03	 5.212999878E+02
 3.594555132E+03	 5.184000244E+02
 3.596322068E+03	 5.179000244E+02
 3.598088541E+03	 5.210999756E+02
 3.599854551E+03	 5.195999756E+02
 3.601620099E+03	 5.182000122E+02
 3.603385185E+03	 5.175000000E+02
 3.605149808E+03	 5.194000244E+02
 3.606913970E+03	 5.187999878E+02
 3.608677670E+03	 5.190000000E+02
 3.610440909E+03	 5.184000244E+02
 3.612203687E+03	 5.195000000E+02
 3.613966003E+03	 5.194000244E+02
 3.615727859E+03	 5.177000122E+02
 3.617489255E+03	 5.200999756E+02
 3.619250190E+03	 5.192000122E+02
 3.621010664E+03	 5.190999756E+02
 3.622770679E+03	 5.187999878E+02
 3.624530234E+03	 5.184000244E+02
 3.626289330E+03	 5.192000122E+02
 3.628047966E+03	 5.189000244E+02
 3.629806144E+03	 5.175000000E+02
 3.631563862E+03	 5.190000000E+02
 3.633321122E+03	 5.172999878E+02
 3.635077923E+03	 5.197999878E+02
 3.636834266E+03	 5.187000122E+02
 3.638590151E+03	 5.197000122E+02
 3.640345578E+03	 5.215999756E+02
 3.642100548E+03	 5.200000000E+02
 3.643855060E+03	 5.192999878E+02
 3.645609115E+03	 5.187000122E+02
 3.647362713E+03	 5.180999756E+02
 3.649115854E+03	 5.202000122E+02
 3.650868538E+03	 5.175000000E+02
 3.652620767E+03	 5.180000000E+02
 3.654372539E+03	 5.172000122E+02
 3.656123855E+03	 5.197999878E+02
 3.657874715E+03	 5.189000244E+02
 3.659625120E+03	 5.192000122E+02
 3.661375069E+03	 5.202000122E+02
 3.663124564E+03	 5.197999878E+02
 3.664873603E+03	 5.194000244E+02
 3.666622188E+03	 5.195999756E+02
 3.668370318E+03	 5.184000244E+02
 3.670117994E+03	 5.182999878E+02
 3.671865216E+03	 5.202999878E+02
 3.673611984E+03	 5.175999756E+02
 3.675358298E+03	 5.210999756E+02
 3.677104159E+03	 5.185999756E+02
 3.678849566E+03	 5.192999878E+02
 3.680594521E+03	 5.185999756E+02
 3.682339022E+03	 5.184000244E+02
 3.684083071E+03	 5.192999878E+02
 3.685826668E+03	 5.205999756E+02
 3.687569812E+03	 5.190999756E+02
 3.689312505E+03	 5.197999878E+02
 3.691054745E+03	 5.197999878E+02
 3.692796534E+03	 5.190000000E+02
 3.694537872E+03	 5.185000000E+02
 3.696278758E+03	 5.215999756E+02
 3.698019193E+03	 5.197000122E+02
 3.699759178E+03	 5.194000244E+02
 3.701498712E+03	 5.207999878E+02
 3.703237795E+03	 5.195999756E+02
 3.704976429E+03	 5.202000122E+02
 3.706714612E+03	 5.192000122E+02
 3.708452346E+03	 5.192000122E+02
 3.710189630E+03	 5.200000000E+02
 3.711926465E+03	 5.187000122E+02
 3.713662850E+03	 5.210999756E+02
 3.715398787E+03	 5.200000000E+02
 3.717134275E+03	 5.185000000E+02
 3.718869314E+03	 5.190000000E+02
 3.720603905E+03	 5.185000000E+02
 3.722338048E+03	 5.205000000E+02
 3.724071743E+03	 5.190000000E+02
 3.725804990E+03	 5.187000122E+02
 3.727537790E+03	 5.212000122E+02
 3.729270142E+03	 5.204000244E+02
 3.731002048E+03	 5.210999756E+02
 3.732733506E+03	 5.197000122E+02
 3.734464518E+03	 5.202000122E+02
 3.736195083E+03	 5.177999878E+02
 3.737925202E+03	 5.185999756E+02
 3.739654874E+03	 5.227999878E+02
 3.741384101E+03	 5.184000244E+02
 3.743112882E+03	 5.200000000E+02
 3.744841218E+03	 5.185999756E+02
 3.746569109E+03	 5.199000244E+02
 3.748296554E+03	 5.195999756E+02
 3.750023554E+03	 5.182000122E+02
 3.751750110E+03	 5.194000244E+02
 3.753476221E+03	 5.200999756E+02
 3.755201888E+03	 5.184000244E+02
 3.756927111E+03	 5.212000122E+02
 3.758651890E+03	 5.170000000E+02
 3.760376225E+03	 5.187999878E+02
 3.762100117E+03	 5.192000122E+02
 3.763823566E+03	 5.195999756E+02
 3.765546571E+03	 5.187999878E+02
 3.767269134E+03	 5.190999756E+02
 3.768991254E+03	 5.202999878E+02
 3.770712932E+03	 5.205000000E+02
 3.772434167E+03	 5.172999878E+02
 3.774154960E+03	 5.180000000E+02
 3.775875311E+03	 5.192000122E+02
 3.777595221E+03	 5.180000000E+02
 3.779314689E+03	 5.182999878E+02
 3.781033716E+03	 5.187000122E+02
 3.782752302E+03	 5.204000244E+02
 3.784470447E+03	 5.212999878E+02
 3.786188151E+03	 5.194000244E+02
 3.787905415E+03	 5.187000122E+02
 3.789622238E+03	 5.160999756E+02
 3.791338622E+03	 5.190000000E+02
 3.793054565E+03	 5.202999878E+02
 3.794770069E+03	 5.204000244E+02
 3.796485133E+03	 5.210999756E+02
 3.798199759E+03	 5.205000000E+02
 3.799913945E+03	 5.180999756E+02
 3.801627692E+03	 5.195000000E+02
 3.803341000E+03	 5.185000000E+02
 3.805053870E+03	 5.194000244E+02
 3.806766302E+03	 5.185999756E+02
 3.808478296E+03	 5.190999756E+02
 3.810189851E+03	 5.217000122E+02
 3.811900970E+03	 5.192000122E+02
 3.813611650E+03	 5.179000244E+02
 3.815321893E+03	 5.175999756E+02
 3.817031700E+03	 5.212000122E+02
 3.818741069E+03	 5.210999756E+02
 3.820450001E+03	 5.185000000E+02
 3.822158497E+03	 5.202999878E+02
 3.823866557E+03	 5.187000122E+02
 3.825574181E+03	 5.175000000E+02
 3.827281369E+03	 5.190999756E+02
 3.828988121E+03	 5.190000000E+02
 3.830694437E+03	 5.185999756E+02
 3.832400318E+03	 5.215999756E+02
 3.834105764E+03	 5.192000122E+02
 3.835810775E+03	 5.190999756E+02
 3.837515352E+03	 5.179000244E+02
 3.839219493E+03	 5.200000000E+02
 3.840923201E+03	 5.172000122E+02
 3.842626474E+03	 5.182999878E+02
 3.844329314E+03	 5.190999756E+02
 3.846031719E+03	 5.207999878E+02
 3.847733691E+03	 5.187999878E+02
 3.849435230E+03	 5.200999756E+02
 3.851136335E+03	 5.205999756E+02
 3.852837008E+03	 5.210000000E+02
 3.854537248E+03	 5.190000000E+02
 3.856237055E+03	 5.187999878E+02
 3.857936430E+03	 5.210000000E+02
 3.859635372E+03	 5.202999878E+02
 3.861333883E+03	 5.187000122E+02
 3.863031962E+03	 5.202999878E+02
 3.864729609E+03	 5.204000244E+02
 3.866426824E+03	 5.172000122E+02
 3.868123609E+03	 5.202000122E+02
 3.869819962E+03	 5.210999756E+02
 3.871515885E+03	 5.187999878E+02
 3.873211377E+03	 5.187000122E+02
 3.874906439E+03	 5.200999756E+02
 3.876601070E+03	 5.200999756E+02
 3.878295271E+03	 5.225000000E+02
 3.879989043E+03	 5.199000244E+02
 3.881682384E+03	 5.167000122E+02
 3.883375296E+03	 5.200999756E+02
 3.885067779E+03	 5.197999878E+02
 3.886759833E+03	 5.194000244E+02
 3.888451458E+03	 5.189000244E+02
 3.890142654E+03	 5.195000000E+02
 3.891833422E+03	 5.212000122E+02
 3.893523761E+03	 5.220000000E+02
 3.895213673E+03	 5.199000244E+02
 3.896903156E+03	 5.205999756E+02
 3.898592212E+03	 5.200000000E+02
 3.900280840E+03	 5.202999878E+02
 3.901969040E+03	 5.207000122E+02
 3.903656814E+03	 5.195999756E+02
 3.905344160E+03	 5.194000244E+02
 3.907031080E+03	 5.185999756E+02
 3.908717573E+03	 5.202000122E+02
 3.910403640E+03	 5.195999756E+02
 3.912089280E+03	 5.180999756E+02
 3.913774494E+03	 5.195999756E+02
 3.915459283E+03	 5.184000244E+02
 3.917143646E+03	 5.197000122E+02
 3.918827584E+03	 5.199000244E+02
 3.920511096E+03	 5.195000000E+02
 3.922194183E+03	 5.195999756E+02
 3.923876845E+03	 5.194000244E+02
 3.925559083E+03	 5.195999756E+02
 3.927240896E+03	 5.200999756E+02
 3.928922285E+03	 5.200999756E+02
 3.930603250E+03	 5.190000000E+02
 3.932283790E+03	 5.205000000E+02
 3.933963907E+03	 5.199000244E+02
 3.935643601E+03	 5.187000122E+02
 3.937322871E+03	 5.200999756E+02
 3.939001718E+03	 5.217000122E+02
 3.940680142E+03	 5.195999756E+02
 3.942358143E+03	 5.189000244E+02
 3.944035722E+03	 5.207000122E+02
 3.945712878E+03	 5.190999756E+02
 3.947389612E+03	 5.190999756E+02
 3.949065924E+03	 5.212000122E+02
 3.950741814E+03	 5.185000000E+02
 3.952417282E+03	 5.189000244E+02
 3.954092329E+03	 5.185999756E+02
 3.955766955E+03	 5.200000000E+02
 3.957441159E+03	 5.172999878E+02
 3.959114943E+03	 5.194000244E+02
 3.960788306E+03	 5.205999756E+02
 3.962461248E+03	 5.200999756E+02
 3.964133770E+03	 5.207999878E+02
 3.965805872E+03	 5.205000000E+02
 3.967477554E+03	 5.187999878E+02
 3.969148817E+03	 5.202999878E+02
 3.970819659E+03	 5.200999756E+02
 3.972490082E+03	 5.200999756E+02
 3.974160086E+03	 5.202999878E+02
 3.975829671E+03	 5.194000244E+02
 3.977498837E+03	 5.185000000E+02
 3.979167585E+03	 5.180999756E+02
 3.980835914E+03	 5.197000122E+02
 3.982503825E+03	 5.197999878E+02
 3.984171317E+03	 5.185999756E+02
 3.985838392E+03	 5.189000244E+02
 3.987505049E+03	 5.192000122E+02
 3.989171288E+03	 5.199000244E+02
 3.990837111E+03	 5.195000000E+02
 3.992502515E+03	 5.195000000E+02
 3.994167503E+03	 5.175000000E+02
 3.995832075E+03	 5.197000122E+02
 3.997496229E+03	 5.185000000E+02
 3.999159967E+03	 5.204000244E+02
 4.000823289E+03	 5.205999756E+02
 4.002486195E+03	 5.185999756E+02
 4.004148685E+03	 5.170999756E+02
 4.005810759E+03	 5.160000000E+02
 4.007472418E+03	 5.182999878E+02
 4.009133662E+03	 5.180000000E+02
 4.010794490E+03	 5.215000000E+02
 4.012454904E+03	 5.182999878E+02
 4.014114902E+03	 5.192999878E+02
 4.015774487E+03	 5.185999756E+02
 4.017433656E+03	 5.204000244E+02
 4.019092412E+03	 5.200000000E+02
 4.020750753E+03	 5.195999756E+02
 4.022408681E+03	 5.182000122E+02
 4.024066195E+03	 5.189000244E+02
 4.025723296E+03	 5.189000244E+02
 4.027379983E+03	 5.172000122E+02
 4.029036257E+03	 5.175000000E+02
 4.030692119E+03	 5.195000000E+02
 4.032347567E+03	 5.190000000E+02
 4.034002603E+03	 5.212000122E+02
 4.035657227E+03	 5.195999756E+02
 4.037311438E+03	 5.210999756E+02
 4.038965238E+03	 5.167000122E+02
 4.040618625E+03	 5.197000122E+02
 4.042271601E+03	 5.192000122E+02
 4.043924166E+03	 5.179000244E+02
 4.045576319E+03	 5.185000000E+02
 4.047228062E+03	 5.202000122E+02
 4.048879393E+03	 5.172000122E+02
 4.050530314E+03	 5.184000244E+02
 4.052180824E+03	 5.182000122E+02
 4.053830923E+03	 5.179000244E+02
 4.055480613E+03	 5.190000000E+02
 4.057129892E+03	 5.204000244E+02
 4.058778762E+03	 5.180999756E+02
 4.060427222E+03	 5.180000000E+02
 4.062075273E+03	 5.202000122E+02
 4.063722914E+03	 5.172999878E+02
 4.065370146E+03	 5.190999756E+02
 4.067016970E+03	 5.167000122E+02
 4.068663384E+03	 5.185999756E+02
 4.070309391E+03	 5.204000244E+02
 4.071954988E+03	 5.204000244E+02
 4.073600178E+03	 5.202999878E+02
 4.075244960E+03	 5.175000000E+02
 4.076889333E+03	 5.202999878E+02
 4.078533299E+03	 5.192000122E+02
 4.080176858E+03	 5.187000122E+02
 4.081820009E+03	 5.182999878E+02
 4.083462754E+03	 5.185000000E+02
 4.085105091E+03	 5.169000244E+02
 4.086747022E+03	 5.154000244E+02
 4.088388546E+03	 5.172999878E+02
 4.090029663E+03	 5.200000000E+02
 4.091670375E+03	 5.194000244E+02
 4.093310680E+03	 5.192999878E+02
 4.094950580E+03	 5.175000000E+02
 4.096590074E+03	 5.185999756E+02
 4.098229162E+03	 5.170999756E+02
 4.099867845E+03	 5.210999756E+02
 4.101506124E+03	 5.194000244E+02
 4.103143997E+03	 5.180000000E+02
 4.104781465E+03	 5.160000000E+02
 4.106418529E+03	 5.179000244E+02
 4.108055188E+03	 5.187000122E+02
 4.109691443E+03	 5.182000122E+02
 4.111327294E+03	 5.170000000E+02
 4.112962741E+03	 5.187999878E+02
 4.114597785E+03	 5.197000122E+02
 4.116232425E+03	 5.185999756E+02
 4.117866661E+03	 5.192999878E+02
 4.119500495E+03	 5.187000122E+02
 4.121133925E+03	 5.199000244E+02
 4.122766953E+03	 5.192000122E+02
 4.124399578E+03	 5.182999878E+02
 4.126031800E+03	 5.180999756E+02
 4.127663620E+03	 5.172999878E+02
 4.129295039E+03	 5.207999878E+02
 4.130926055E+03	 5.182000122E+02
 4.132556669E+03	 5.182999878E+02
 4.134186882E+03	 5.190999756E+02
 4.135816694E+03	 5.182999878E+02
 4.137446104E+03	 5.199000244E+02
 4.139075113E+03	 5.189000244E+02
 4.140703722E+03	 5.205000000E+02
 4.142331929E+03	 5.180999756E+02
 4.143959736E+03	 5.200000000E+02
 4.145587143E+03	 5.227000122E+02
 4.147214150E+03	 5.192999878E+02
 4.148840757E+03	 5.212999878E+02
 4.150466964E+03	 5.190000000E+02
 4.152092771E+03	 5.205999756E+02
 4.153718179E+03	 5.207000122E+02
 4.155343187E+03	 5.200000000E+02
 4.156967797E+03	 5.207999878E+02
 4.158592007E+03	 5.205999756E+02
 4.160215819E+03	 5.224000244E+02
 4.161839232E+03	 5.230000000E+02
 4.163462247E+03	 5.222000122E+02
 4.165084863E+03	 5.237000122E+02
 4.166707082E+03	 5.250000000E+02
 4.168328902E+03	 5.254000244E+02
 4.169950325E+03	 5.282000122E+02
 4.171571350E+03	 5.272000122E+02
 4.173191978E+03	 5.277999878E+02
 4.174812209E+03	 5.292999878E+02
 4.176432043E+03	 5.295999756E+02
 4.178051479E+03	 5.310999756E+02
 4.179670520E+03	 5.347999878E+02
 4.181289163E+03	 5.349000244E+02
 4.182907411E+03	 5.430000000E+02
 4.184525262E+03	 5.455999756E+02
 4.186142717E+03	 5.489000244E+02
 4.187759777E+03	 5.570000000E+02
 4.189376441E+03	 5.655000000E+02
 4.190992709E+03	 5.760000000E+02
 4.192608582E+03	 5.894000244E+02
 4.194224060E+03	 6.070000000E+02
 4.195839143E+03	 6.369000244E+02
 4.197453832E+03	 6.630000000E+02
 4.199068126E+03	 7.135000000E+02
 4.200682025E+03	 7.727000122E+02
 4.202295530E+03	 8.217999878E+02
 4.203908641E+03	 8.684000244E+02
 4.205521358E+03	 8.920000000E+02
 4.207133682E+03	 8.824000244E+02
 4.208745611E+03	 8.545999756E+02
 4.210357148E+03	 7.980000000E+02
 4.211968291E+03	 7.470000000E+02
 4.213579041E+03	 6.932999878E+02
 4.215189399E+03	 6.544000244E+02
 4.216799363E+03	 6.260999756E+02
 4.218408935E+03	 6.040999756E+02
 4.220018115E+03	 5.985000000E+02
 4.221626903E+03	 5.740000000E+02
 4.223235298E+03	 5.670000000E+02
 4.224843302E+03	 5.622000122E+02
 4.226450914E+03	 5.545000000E+02
 4.228058134E+03	 5.509000244E+02
 4.229664963E+03	 5.437999878E+02
 4.231271401E+03	 5.422000122E+02
 4.232877449E+03	 5.405000000E+02
 4.234483105E+03	 5.382999878E+02
 4.236088370E+03	 5.389000244E+02
 4.237693245E+03	 5.332000122E+02
 4.239297730E+03	 5.345999756E+02
 4.240901825E+03	 5.322999878E+02
 4.242505529E+03	 5.280000000E+02
 4.244108844E+03	 5.297999878E+02
 4.245711770E+03	 5.302999878E+02
 4.247314305E+03	 5.292999878E+02
 4.248916452E+03	 5.257000122E+02
 4.250518209E+03	 5.265000000E+02
 4.252119577E+03	 5.265999756E+02
 4.253720557E+03	 5.274000244E+02
 4.255321148E+03	 5.259000244E+02
 4.256921351E+03	 5.252999878E+02
 4.258521165E+03	 5.245999756E+02
 4.260120591E+03	 5.247999878E+02
 4.261719629E+03	 5.259000244E+02
 4.263318280E+03	 5.240999756E+02
 4.264916542E+03	 5.202999878E+02
 4.266514418E+03	 5.215000000E+02
 4.268111906E+03	 5.225000000E+02
 4.269709007E+03	 5.229000244E+02
 4.271305721E+03	 5.234000244E+02
 4.272902048E+03	 5.232999878E+02
 4.274497989E+03	 5.207999878E+02
 4.276093543E+03	 5.224000244E+02
 4.277688711E+03	 5.209000244E+02
 4.279283493E+03	 5.210000000E+02
 4.280877889E+03	 5.207999878E+02
 4.282471899E+03	 5.217000122E+02
 4.284065524E+03	 5.202000122E+02
 4.285658763E+03	 5.207000122E+02
 4.287251617E+03	 5.180999756E+02
 4.288844086E+03	 5.217999878E+02
 4.290436170E+03	 5.207999878E+02
 4.292027869E+03	 5.195999756E+02
 4.293619183E+03	 5.199000244E+02
 4.295210113E+03	 5.215000000E+02
 4.296800659E+03	 5.194000244E+02
 4.298390821E+03	 5.199000244E+02
 4.299980599E+03	 5.205000000E+02
 4.301569993E+03	 5.209000244E+02
 4.303159003E+03	 5.195999756E+02
 4.304747630E+03	 5.182999878E+02
 4.306335874E+03	 5.199000244E+02
 4.307923735E+03	 5.209000244E+02
 4.309511212E+03	 5.199000244E+02
 4.311098307E+03	 5.207000122E+02
 4.312685020E+03	 5.200999756E+02
 4.314271349E+03	 5.195999756E+02
 4.315857297E+03	 5.209000244E+02
 4.317442862E+03	 5.165000000E+02
 4.319028046E+03	 5.202000122E+02
 4.320612848E+03	 5.185000000E+02
 4.322197268E+03	 5.190999756E+02
 4.323781307E+03	 5.192000122E+02
 4.325364964E+03	 5.190999756E+02
 4.326948240E+03	 5.185999756E+02
 4.328531135E+03	 5.195000000E+02
 4.330113650E+03	 5.205999756E+02
 4.331695784E+03	 5.209000244E+02
 4.333277537E+03	 5.195999756E+02
 4.334858910E+03	 5.192000122E+02
 4.336439903E+03	 5.190999756E+02
 4.338020516E+03	 5.179000244E+02
 4.339600749E+03	 5.192999878E+02
 4.341180603E+03	 5.197999878E+02
 4.342760077E+03	 5.200000000E+02
 4.344339171E+03	 5.190999756E+02
 4.345917887E+03	 5.195000000E+02
 4.347496223E+03	 5.197999878E+02
 4.349074181E+03	 5.190000000E+02
 4.350651760E+03	 5.202000122E+02
 4.352228960E+03	 5.190000000E+02
 4.353805782E+03	 5.207999878E+02
 4.355382226E+03	 5.187000122E+02
 4.356958292E+03	 5.184000244E+02
 4.358533980E+03	 5.200999756E+02
 4.360109291E+03	 5.185999756E+02
 4.361684223E+03	 5.189000244E+02
 4.363258779E+03	 5.185999756E+02
 4.364832957E+03	 5.199000244E+02
 4.366406758E+03	 5.202000122E+02
 4.367980182E+03	 5.207999878E+02
 4.369553230E+03	 5.194000244E+02
 4.371125901E+03	 5.194000244E+02
 4.372698195E+03	 5.195000000E+02
 4.374270114E+03	 5.215999756E+02
 4.375841656E+03	 5.205999756E+02
 4.377412822E+03	 5.197000122E+02
 4.378983612E+03	 5.174000244E+02
 4.380554027E+03	 5.180999756E+02
 4.382124067E+03	 5.187999878E+02
 4.383693731E+03	 5.185999756E+02
 4.385263020E+03	 5.195000000E+02
 4.386831934E+03	 5.182999878E+02
 4.388400473E+03	 5.199000244E+02
 4.389968638E+03	 5.200000000E+02
 4.391536428E+03	 5.190999756E+02
 4.393103844E+03	 5.194000244E+02
 4.394670886E+03	 5.200999756E+02
 4.396237553E+03	 5.187000122E+02
 4.397803847E+03	 5.205000000E+02
 4.399369767E+03	 5.192999878E+02
 4.400935314E+03	 5.197999878E+02
 4.402500487E+03	 5.199000244E+02
 4.404065287E+03	 5.195000000E+02
 4.405629714E+03	 5.200999756E+02
 4.407193768E+03	 5.190000000E+02
 4.408757450E+03	 5.180000000E+02
 4.410320758E+03	 5.215000000E+02
 4.411883695E+03	 5.185999756E+02
 4.413446259E+03	 5.187000122E+02
 4.415008451E+03	 5.187999878E+02
 4.416570271E+03	 5.195999756E+02
 4.418131720E+03	 5.177000122E+02
 4.419692796E+03	 5.199000244E+02
 4.421253501E+03	 5.187000122E+02
 4.422813835E+03	 5.199000244E+02
 4.424373798E+03	 5.187000122E+02
 4.425933390E+03	 5.174000244E+02
 4.427492611E+03	 5.180999756E+02
 4.429051461E+03	 5.200000000E+02
 4.430609941E+03	 5.187999878E+02
 4.432168051E+03	 5.205999756E+02
 4.433725790E+03	 5.190000000E+02
 4.435283159E+03	 5.184000244E+02
 4.436840158E+03	 5.192000122E+02
 4.438396788E+03	 5.192999878E+02
 4.439953048E+03	 5.179000244E+02
 4.441508939E+03	 5.182999878E+02
 4.443064460E+03	 5.192000122E+02
 4.444619612E+03	 5.172000122E+02
 4.446174396E+03	 5.214000244E+02
 4.447728810E+03	 5.200999756E+02
 4.449282856E+03	 5.187999878E+02
 4.450836533E+03	 5.182999878E+02
 4.452389843E+03	 5.170999756E+02
 4.453942784E+03	 5.179000244E+02
 4.455495356E+03	 5.212999878E+02
 4.457047562E+03	 5.190000000E+02
 4.458599399E+03	 5.195999756E+02
 4.460150869E+03	 5.170999756E+02
 4.461701971E+03	 5.179000244E+02
 4.463252706E+03	 5.165000000E+02
 4.464803075E+03	 5.174000244E+02
 4.466353076E+03	 5.202000122E+02
 4.467902710E+03	 5.184000244E+02
 4.469451978E+03	 5.192999878E+02
 4.471000880E+03	 5.185000000E+02
 4.472549415E+03	 5.200000000E+02
 4.474097584E+03	 5.197000122E+02
 4.475645387E+03	 5.179000244E+02
 4.477192824E+03	 5.172999878E+02
 4.478739895E+03	 5.167999878E+02
 4.480286601E+03	 5.200999756E+02
 4.481832942E+03	 5.209000244E+02
 4.483378917E+03	 5.200000000E+02
 4.484924528E+03	 5.185000000E+02
 4.486469773E+03	 5.185000000E+02
 4.488014654E+03	 5.185999756E+02
 4.489559170E+03	 5.172999878E+02
 4.491103321E+03	 5.182999878E+02
 4.492647109E+03	 5.190000000E+02
 4.494190532E+03	 5.194000244E+02
 4.495733591E+03	 5.189000244E+02
 4.497276286E+03	 5.194000244E+02
 4.498818618E+03	 5.179000244E+02
 4.500360586E+03	 5.189000244E+02
 4.501902191E+03	 5.167000122E+02
 4.503443432E+03	 5.184000244E+02
 4.504984311E+03	 5.167999878E+02
 4.506524826E+03	 5.187999878E+02
 4.508064979E+03	 5.167000122E+02
 4.509604769E+03	 5.187000122E+02
 4.511144197E+03	 5.195000000E+02
 4.512683262E+03	 5.190999756E+02
 4.514221966E+03	 5.194000244E+02
 4.515760307E+03	 5.177999878E+02
 4.517298286E+03	 5.185000000E+02
 4.518835904E+03	 5.187000122E+02
 4.520373160E+03	 5.192999878E+02
 4.521910055E+03	 5.177999878E+02
 4.523446589E+03	 5.195999756E+02
 4.524982761E+03	 5.175000000E+02
 4.526518572E+03	 5.185999756E+02
 4.528054023E+03	 5.192999878E+02
 4.529589113E+03	 5.177999878E+02
 4.531123843E+03	 5.175999756E+02
 4.532658212E+03	 5.202000122E+02
 4.534192221E+03	 5.175999756E+02
 4.535725870E+03	 5.172999878E+02
 4.537259159E+03	 5.169000244E+02
 4.538792089E+03	 5.200999756E+02
 4.540324659E+03	 5.205999756E+02
 4.541856869E+03	 5.175999756E+02
 4.543388720E+03	 5.179000244E+02
 4.544920212E+03	 5.204000244E+02
 4.546451345E+03	 5.189000244E+02
 4.547982119E+03	 5.187000122E+02
 4.549512535E+03	 5.187999878E+02
 4.551042592E+03	 5.205000000E+02
 4.552572291E+03	 5.177000122E+02
 4.554101631E+03	 5.170000000E+02
 4.555630613E+03	 5.169000244E+02
 4.557159238E+03	 5.167999878E+02
 4.558687504E+03	 5.182999878E+02
 4.560215413E+03	 5.190999756E+02
 4.561742965E+03	 5.185000000E+02
 4.563270159E+03	 5.177999878E+02
 4.564796996E+03	 5.180999756E+02
 4.566323476E+03	 5.182999878E+02
 4.567849599E+03	 5.184000244E+02
 4.569375365E+03	 5.170999756E+02
 4.570900775E+03	 5.202999878E+02
 4.572425828E+03	 5.170000000E+02
 4.573950525E+03	 5.200000000E+02
 4.575474866E+03	 5.160000000E+02
 4.576998850E+03	 5.197000122E+02
 4.578522479E+03	 5.180000000E+02
 4.580045753E+03	 5.182999878E+02
 4.581568670E+03	 5.184000244E+02
 4.583091233E+03	 5.200000000E+02
 4.584613440E+03	 5.172999878E+02
 4.586135292E+03	 5.200999756E+02
 4.587656789E+03	 5.180999756E+02
 4.589177931E+03	 5.180999756E+02
 4.590698719E+03	 5.177999878E+02
 4.592219152E+03	 5.182999878E+02
 4.593739230E+03	 5.175999756E+02
 4.595258955E+03	 5.177000122E+02
 4.596778325E+03	 5.179000244E+02
 4.598297341E+03	 5.182000122E+02
 4.599816004E+03	 5.185000000E+02
 4.601334313E+03	 5.180999756E+02
 4.602852268E+03	 5.169000244E+02
 4.604369871E+03	 5.169000244E+02
 4.605887119E+03	 5.182000122E+02
 4.607404015E+03	 5.189000244E+02
 4.608920558E+03	 5.189000244E+02
 4.610436749E+03	 5.190000000E+02
 4.611952586E+03	 5.194000244E+02
 4.613468071E+03	 5.169000244E+02
 4.614983204E+03	 5.209000244E+02
 4.616497985E+03	 5.190999756E+02
 4.618012413E+03	 5.169000244E+02
 4.619526490E+03	 5.179000244E+02
 4.621040215E+03	 5.185000000E+02
 4.622553589E+03	 5.197000122E+02
 4.624066611E+03	 5.185999756E+02
 4.625579281E+03	 5.162000122E+02
 4.627091601E+03	 5.179000244E+02
 4.628603569E+03	 5.197000122E+02
 4.630115187E+03	 5.182999878E+02
 4.631626454E+03	 5.182999878E+02
 4.633137370E+03	 5.180999756E+02
 4.634647936E+03	 5.187999878E+02
 4.636158152E+03	 5.175999756E+02
 4.637668017E+03	 5.167000122E+02
 4.639177533E+03	 5.177000122E+02
 4.640686698E+03	 5.160999756E+02
 4.642195514E+03	 5.205000000E+02
 4.643703980E+03	 5.185000000E+02
 4.645212097E+03	 5.174000244E+02
 4.646719865E+03	 5.180000000E+02
 4.648227283E+03	 5.175000000E+02
 4.649734353E+03	 5.200999756E+02
 4.651241074E+03	 5.197999878E+02
 4.652747445E+03	 5.182999878E+02
 4.654253469E+03	 5.170999756E+02
 4.655759144E+03	 5.182000122E+02
 4.657264471E+03	 5.192999878E+02
 4.658769449E+03	 5.175000000E+02
 4.660274080E+03	 5.157000122E+02
 4.661778362E+03	 5.174000244E+02
 4.663282297E+03	 5.182999878E+02
 4.664785885E+03	 5.175000000E+02
 4.666289125E+03	 5.204000244E+02
 4.667792018E+03	 5.174000244E+02
 4.669294563E+03	 5.162000122E+02
 4.670796762E+03	 5.160000000E+02
 4.672298614E+03	 5.174000244E+02
 4.673800119E+03	 5.182999878E+02
 4.675301277E+03	 5.167999878E+02
 4.676802090E+03	 5.177999878E+02
 4.678302555E+03	 5.170000000E+02
 4.679802675E+03	 5.160000000E+02
 4.681302449E+03	 5.177999878E+02
 4.682801877E+03	 5.172000122E+02
 4.684300959E+03	 5.182999878E+02
 4.685799695E+03	 5.182999878E+02
 4.687298086E+03	 5.172000122E+02
 4.688796132E+03	 5.195000000E+02
 4.690293833E+03	 5.182000122E+02
 4.691791189E+03	 5.154000244E+02
 4.693288200E+03	 5.185999756E+02
 4.694784866E+03	 5.165000000E+02
 4.696281187E+03	 5.172000122E+02
 4.697777164E+03	 5.172999878E+02
 4.699272797E+03	 5.197999878E+02
 4.700768086E+03	 5.174000244E+02
 4.702263030E+03	 5.160000000E+02
 4.703757631E+03	 5.190999756E+02
 4.705251888E+03	 5.175000000E+02
 4.706745801E+03	 5.170999756E+02
 4.708239371E+03	 5.182000122E+02
 4.709732598E+03	 5.160999756E+02
 4.711225481E+03	 5.170999756E+02
 4.712718022E+03	 5.177999878E+02
 4.714210219E+03	 5.187000122E+02
 4.715702074E+03	 5.179000244E+02
 4.717193586E+03	 5.172000122E+02
 4.718684756E+03	 5.182999878E+02
 4.720175583E+03	 5.167999878E+02
 4.721666068E+03	 5.170000000E+02
 4.723156211E+03	 5.180000000E+02
 4.724646012E+03	 5.185000000E+02
 4.726135471E+03	 5.184000244E+02
 4.727624589E+03	 5.172999878E+02
 4.729113365E+03	 5.170999756E+02
 4.730601800E+03	 5.190999756E+02
 4.732089893E+03	 5.162999878E+02
 4.733577646E+03	 5.190999756E+02
 4.735065057E+03	 5.154000244E+02
 4.736552128E+03	 5.192999878E+02
 4.738038858E+03	 5.187000122E+02
 4.739525247E+03	 5.197999878E+02
 4.741011297E+03	 5.195999756E+02
 4.742497005E+03	 5.190000000E+02
 4.743982374E+03	 5.174000244E+02
 4.745467403E+03	 5.200999756E+02
 4.746952091E+03	 5.179000244E+02
 4.748436441E+03	 5.197999878E+02
 4.749920450E+03	 5.164000244E+02
 4.751404120E+03	 5.182999878E+02
 4.752887451E+03	 5.180999756E+02
 4.754370443E+03	 5.187999878E+02
 4.755853095E+03	 5.185000000E+02
 4.757335409E+03	 5.210000000E+02
 4.758817384E+03	 5.180999756E+02
 4.760299020E+03	 5.162000122E+02
 4.761780318E+03	 5.184000244E+02
 4.763261278E+03	 5.192999878E+02
 4.764741899E+03	 5.197000122E+02
 4.766222182E+03	 5.200999756E+02
 4.767702128E+03	 5.182999878E+02
 4.769181735E+03	 5.180000000E+02
 4.770661005E+03	 5.192000122E+02
 4.772139938E+03	 5.172999878E+02
 4.773618532E+03	 5.180999756E+02
 4.775096790E+03	 5.202000122E+02
 4.776574711E+03	 5.192000122E+02
 4.778052294E+03	 5.187000122E+02
 4.779529541E+03	 5.195000000E+02
 4.781006451E+03	 5.205999756E+02
 4.782483025E+03	 5.189000244E+02
 4.783959262E+03	 5.185000000E+02
 4.785435163E+03	 5.192000122E+02
 4.786910727E+03	 5.205000000E+02
 4.788385956E+03	 5.185999756E+02
 4.789860848E+03	 5.180000000E+02
 4.791335405E+03	 5.215000000E+02
 4.792809627E+03	 5.177000122E+02
 4.794283512E+03	 5.175999756E+02
 4.795757063E+03	 5.187999878E+02
 4.797230278E+03	 5.210000000E+02
 4.798703158E+03	 5.189000244E+02
 4.800175703E+03	 5.215999756E+02
 4.801647914E+03	 5.197000122E+02
 4.803119789E+03	 5.192999878E+02
 4.804591330E+03	 5.199000244E+02
 4.806062537E+03	 5.185999756E+02
 4.807533410E+03	 5.217999878E+02
 4.809003948E+03	 5.172999878E+02
 4.810474152E+03	 5.207000122E+02
 4.811944022E+03	 5.199000244E+02
 4.813413559E+03	 5.205000000E+02
 4.814882762E+03	 5.195000000E+02
 4.816351632E+03	 5.190999756E+02
 4.817820168E+03	 5.205000000E+02
 4.819288371E+03	 5.169000244E+02
 4.820756241E+03	 5.192999878E+02
 4.822223778E+03	 5.205000000E+02
 4.823690982E+03	 5.174000244E+02
 4.825157853E+03	 5.204000244E+02
 4.826624392E+03	 5.195999756E+02
 4.828090598E+03	 5.205000000E+02
 4.829556473E+03	 5.170999756E+02
 4.831022015E+03	 5.205000000E+02
 4.832487225E+03	 5.192000122E+02
 4.833952103E+03	 5.182999878E+02
 4.835416649E+03	 5.192999878E+02
 4.836880864E+03	 5.202000122E+02
 4.838344747E+03	 5.187999878E+02
 4.839808299E+03	 5.194000244E+02
 4.841271520E+03	 5.182000122E+02
 4.842734410E+03	 5.187999878E+02
 4.844196968E+03	 5.204000244E+02
 4.845659196E+03	 5.200000000E+02
 4.847121093E+03	 5.190000000E+02
 4.848582660E+03	 5.194000244E+02
 4.850043896E+03	 5.184000244E+02
 4.851504802E+03	 5.180000000E+02
 4.852965377E+03	 5.184000244E+02
 4.854425623E+03	 5.192999878E+02
 4.855885538E+03	 5.210999756E+02
 4.857345124E+03	 5.194000244E+02
 4.858804381E+03	 5.170999756E+02
 4.860263307E+03	 5.180999756E+02
 4.861721905E+03	 5.185999756E+02
 4.863180173E+03	 5.205000000E+02
 4.864638112E+03	 5.184000244E+02
 4.866095722E+03	 5.172000122E+02
 4.867553003E+03	 5.167999878E+02
 4.869009955E+03	 5.172999878E+02
 4.870466579E+03	 5.190000000E+02
 4.871922874E+03	 5.177000122E+02
 4.873378841E+03	 5.185999756E+02
 4.874834480E+03	 5.187000122E+02
 4.876289791E+03	 5.184000244E+02
 4.877744773E+03	 5.164000244E+02
 4.879199428E+03	 5.190000000E+02
 4.880653755E+03	 5.195999756E+02
 4.882107755E+03	 5.192999878E+02
 4.883561427E+03	 5.172999878E+02
 4.885014772E+03	 5.189000244E+02
 4.886467790E+03	 5.179000244E+02
 4.887920480E+03	 5.175999756E+02
 4.889372844E+03	 5.187999878E+02
 4.890824881E+03	 5.182000122E+02
 4.892276591E+03	 5.184000244E+02
 4.893727975E+03	 5.185999756E+02
 4.895179032E+03	 5.179000244E+02
 4.896629763E+03	 5.187999878E+02
 4.898080168E+03	 5.190000000E+02
 4.899530247E+03	 5.190000000E+02
 4.900980000E+03	 5.162000122E+02
 4.902429427E+03	 5.180999756E+02
 4.903878529E+03	 5.169000244E+02
 4.905327305E+03	 5.182999878E+02
 4.906775756E+03	 5.187000122E+02
 4.908223881E+03	 5.177000122E+02
 4.909671682E+03	 5.190000000E+02
 4.911119157E+03	 5.167000122E+02
 4.912566307E+03	 5.190999756E+02
 4.914013133E+03	 5.187999878E+02
 4.915459634E+03	 5.202999878E+02
 4.916905811E+03	 5.192999878E+02
 4.918351663E+03	 5.180999756E+02
 4.919797191E+03	 5.187999878E+02
 4.921242395E+03	 5.175000000E+02
 4.922687275E+03	 5.165999756E+02
 4.924131831E+03	 5.215000000E+02
 4.925576064E+03	 5.174000244E+02
 4.927019973E+03	 5.182000122E+02
 4.928463558E+03	 5.170999756E+02
 4.929906820E+03	 5.185999756E+02
 4.931349759E+03	 5.185000000E+02
 4.932792374E+03	 5.210000000E+02
 4.934234667E+03	 5.182000122E+02
 4.935676637E+03	 5.169000244E+02
 4.937118284E+03	 5.197999878E+02
 4.938559609E+03	 5.190999756E+02
 4.940000611E+03	 5.187000122E+02
 4.941441291E+03	 5.180999756E+02
 4.942881649E+03	 5.170000000E+02
 4.944321684E+03	 5.167999878E+02
 4.945761398E+03	 5.187000122E+02
 4.947200789E+03	 5.177999878E+02
 4.948639860E+03	 5.185000000E+02
 4.950078608E+03	 5.172000122E+02
 4.951517035E+03	 5.167000122E+02
 4.952955141E+03	 5.187999878E+02
 4.954392925E+03	 5.172999878E+02
 4.955830389E+03	 5.175999756E+02
 4.957267531E+03	 5.169000244E+02
 4.958704353E+03	 5.187000122E+02
 4.960140854E+03	 5.174000244E+02
 4.961577034E+03	 5.179000244E+02
 4.963012894E+03	 5.177000122E+02
 4.964448434E+03	 5.180000000E+02
 4.965883653E+03	 5.194000244E+02
 4.967318552E+03	 5.175999756E+02
 4.968753132E+03	 5.189000244E+02
 4.970187391E+03	 5.167999878E+02
 4.971621331E+03	 5.172000122E+02
 4.973054951E+03	 5.177999878E+02
 4.974488252E+03	 5.182000122E+02
 4.975921234E+03	 5.184000244E+02
 4.977353896E+03	 5.152999878E+02
 4.978786239E+03	 5.177999878E+02
 4.980218263E+03	 5.174000244E+02
 4.981649969E+03	 5.185000000E+02
 4.983081355E+03	 5.177999878E+02
 4.984512423E+03	 5.177000122E+02
 4.985943173E+03	 5.160000000E+02
 4.987373604E+03	 5.174000244E+02
 4.988803717E+03	 5.174000244E+02
 4.990233512E+03	 5.182999878E+02
 4.991662989E+03	 5.174000244E+02
 4.993092148E+03	 5.167999878E+02
 4.994520989E+03	 5.165000000E+02
 4.995949513E+03	 5.187000122E+02
 4.997377719E+03	 5.175000000E+02
 4.998805608E+03	 5.180000000E+02
 5.000233180E+03	 5.165000000E+02
 5.001660434E+03	 5.172999878E+02
 5.003087372E+03	 5.165999756E+02
 5.004513993E+03	 5.174000244E+02
 5.005940297E+03	 5.175999756E+02
 5.007366284E+03	 5.177999878E+02
 5.008791955E+03	 5.192000122E+02
 5.010217309E+03	 5.184000244E+02
 5.011642347E+03	 5.182999878E+02
 5.013067069E+03	 5.177999878E+02
 5.014491475E+03	 5.184000244E+02
 5.015915565E+03	 5.172000122E+02
 5.017339340E+03	 5.157999878E+02
 5.018762798E+03	 5.177000122E+02
 5.020185942E+03	 5.175999756E+02
 5.021608769E+03	 5.172999878E+02
 5.023031282E+03	 5.147000122E+02
 5.024453479E+03	 5.170000000E+02
 5.025875361E+03	 5.159000244E+02
 5.027296928E+03	 5.172999878E+02
 5.028718181E+03	 5.187999878E+02
 5.030139119E+03	 5.175999756E+02
 5.031559742E+03	 5.194000244E+02
 5.032980051E+03	 5.197000122E+02
 5.034400045E+03	 5.172999878E+02
 5.035819725E+03	 5.165000000E+02
 5.037239092E+03	 5.177000122E+02
 5.038658144E+03	 5.170000000E+02
 5.040076882E+03	 5.167000122E+02
 5.041495307E+03	 5.190000000E+02
 5.042913418E+03	 5.199000244E+02
 5.044331215E+03	 5.162000122E+02
 5.045748700E+03	 5.182000122E+02
 5.047165871E+03	 5.175999756E+02
 5.048582728E+03	 5.155999756E+02
 5.049999273E+03	 5.184000244E+02
 5.051415505E+03	 5.182999878E+02
 5.052831424E+03	 5.165999756E+02
 5.054247031E+03	 5.154000244E+02
 5.055662325E+03	 5.162999878E+02
 5.057077306E+03	 5.190999756E+02
 5.058491976E+03	 5.162999878E+02
 5.059906333E+03	 5.155999756E+02
 5.061320378E+03	 5.190000000E+02
 5.062734111E+03	 5.154000244E+02
 5.064147532E+03	 5.167999878E+02
 5.065560642E+03	 5.167999878E+02
 5.066973440E+03	 5.172000122E+02
 5.068385927E+03	 5.160999756E+02
 5.069798102E+03	 5.157000122E+02
 5.071209966E+03	 5.167999878E+02
 5.072621519E+03	 5.162000122E+02
 5.074032761E+03	 5.184000244E+02
 5.075443692E+03	 5.174000244E+02
 5.076854313E+03	 5.155999756E+02
 5.078264622E+03	 5.172000122E+02
 5.079674622E+03	 5.152000122E+02
 5.081084310E+03	 5.177000122E+02
 5.082493689E+03	 5.177999878E+02
 5.083902757E+03	 5.182999878E+02
 5.085311516E+03	 5.177000122E+02
 5.086719964E+03	 5.177000122E+02
 5.088128103E+03	 5.160999756E+02
 5.089535932E+03	 5.175000000E+02
 5.090943451E+03	 5.165000000E+02
 5.092350661E+03	 5.162000122E+02
 5.093757562E+03	 5.169000244E+02
 5.095164153E+03	 5.160000000E+02
 5.096570435E+03	 5.165999756E+02
 5.097976408E+03	 5.185000000E+02
 5.099382073E+03	 5.157000122E+02
 5.100787428E+03	 5.179000244E+02
 5.102192475E+03	 5.170000000E+02
 5.103597214E+03	 5.157000122E+02
 5.105001644E+03	 5.167000122E+02
 5.106405766E+03	 5.160999756E+02
 5.107809580E+03	 5.165999756E+02
 5.109213085E+03	 5.165999756E+02
 5.110616283E+03	 5.182999878E+02
 5.112019173E+03	 5.154000244E+02
 5.113421755E+03	 5.167999878E+02
 5.114824029E+03	 5.169000244E+02
 5.116225996E+03	 5.162000122E+02
 5.117627656E+03	 5.172999878E+02
 5.119029008E+03	 5.160000000E+02
 5.120430054E+03	 5.180999756E+02
 5.121830792E+03	 5.175999756E+02
 5.123231224E+03	 5.167000122E+02
 5.124631348E+03	 5.174000244E+02
 5.126031166E+03	 5.157999878E+02
 5.127430678E+03	 5.145999756E+02
 5.128829883E+03	 5.152999878E+02
 5.130228781E+03	 5.169000244E+02
 5.131627374E+03	 5.164000244E+02
 5.133025660E+03	 5.172000122E+02
 5.134423640E+03	 5.159000244E+02
 5.135821315E+03	 5.154000244E+02
 5.137218684E+03	 5.160999756E+02
 5.138615747E+03	 5.162000122E+02
 5.140012505E+03	 5.185999756E+02
 5.141408957E+03	 5.160999756E+02
 5.142805104E+03	 5.157000122E+02
 5.144200946E+03	 5.155999756E+02
 5.145596482E+03	 5.165000000E+02
 5.146991714E+03	 5.159000244E+02
 5.148386641E+03	 5.177000122E+02
 5.149781263E+03	 5.167999878E+02
 5.151175581E+03	 5.169000244E+02
 5.152569594E+03	 5.159000244E+02
 5.153963303E+03	 5.182000122E+02
 5.155356707E+03	 5.155999756E+02
 5.156749808E+03	 5.172000122E+02
 5.158142604E+03	 5.179000244E+02
 5.159535096E+03	 5.157000122E+02
 5.160927285E+03	 5.165999756E+02
 5.162319170E+03	 5.159000244E+02
 5.163710751E+03	 5.170000000E+02
 5.165102029E+03	 5.170000000E+02
 5.166493003E+03	 5.165000000E+02
 5.167883674E+03	 5.160999756E+02
 5.169274043E+03	 5.157999878E+02
 5.170664108E+03	 5.152000122E+02
 5.172053870E+03	 5.154000244E+02
 5.173443329E+03	 5.172000122E+02
 5.174832486E+03	 5.155000000E+02
 5.176221340E+03	 5.174000244E+02
 5.177609892E+03	 5.174000244E+02
 5.178998141E+03	 5.170999756E+02
 5.180386088E+03	 5.180000000E+02
 5.181773733E+03	 5.167000122E+02
 5.183161076E+03	 5.142000122E+02
 5.184548117E+03	 5.155000000E+02
 5.185934856E+03	 5.172000122E+02
 5.187321294E+03	 5.159000244E+02
 5.188707430E+03	 5.180000000E+02
 5.190093264E+03	 5.160000000E+02
 5.191478798E+03	 5.152000122E+02
 5.192864030E+03	 5.177000122E+02
 5.194248961E+03	 5.189000244E+02
 5.195633590E+03	 5.172000122E+02
 5.197017920E+03	 5.194000244E+02
 5.198401948E+03	 5.162000122E+02
 5.199785675E+03	 5.180999756E+02
 5.201169102E+03	 5.165999756E+02
 5.202552229E+03	 5.162999878E+02
 5.203935055E+03	 5.147999878E+02
 5.205317581E+03	 5.160999756E+02
 5.206699807E+03	 5.172999878E+02
 5.208081733E+03	 5.170000000E+02
 5.209463359E+03	 5.177000122E+02
 5.210844685E+03	 5.159000244E+02
 5.212225712E+03	 5.162000122E+02
 5.213606439E+03	 5.165999756E+02
 5.214986866E+03	 5.165000000E+02
 5.216366994E+03	 5.160999756E+02
 5.217746823E+03	 5.197000122E+02
 5.219126353E+03	 5.167000122E+02
 5.220505584E+03	 5.167000122E+02
 5.221884516E+03	 5.170000000E+02
 5.223263149E+03	 5.165000000E+02
 5.224641483E+03	 5.170000000E+02
 5.226019519E+03	 5.170000000E+02
 5.227397256E+03	 5.180999756E+02
 5.228774695E+03	 5.170999756E+02
 5.230151836E+03	 5.164000244E+02
 5.231528679E+03	 5.170999756E+02
 5.232905223E+03	 5.170999756E+02
 5.234281470E+03	 5.165000000E+02
 5.235657419E+03	 5.152000122E+02
 5.237033070E+03	 5.165000000E+02
 5.238408424E+03	 5.165000000E+02
 5.239783480E+03	 5.180000000E+02
 5.241158239E+03	 5.172999878E+02
 5.242532700E+03	 5.152000122E+02
 5.243906865E+03	 5.160000000E+02
 5.245280732E+03	 5.170999756E+02
 5.246654302E+03	 5.194000244E+02
 5.248027576E+03	 5.172000122E+02
 5.249400553E+03	 5.177999878E+02
 5.250773233E+03	 5.167999878E+02
 5.252145616E+03	 5.192000122E+02
 5.253517704E+03	 5.182999878E+02
 5.254889495E+03	 5.179000244E+02
 5.256260990E+03	 5.180999756E+02
 5.257632188E+03	 5.165999756E+02
 5.259003091E+03	 5.144000244E+02
 5.260373698E+03	 5.172000122E+02
 5.261744009E+03	 5.162000122E+02
 5.263114025E+03	 5.185000000E+02
 5.264483745E+03	 5.162999878E+02
 5.265853169E+03	 5.155000000E+02
 5.267222299E+03	 5.160000000E+02
 5.268591133E+03	 5.172000122E+02
 5.269959672E+03	 5.139000244E+02
 5.271327916E+03	 5.177000122E+02
 5.272695865E+03	 5.182999878E+02
 5.274063519E+03	 5.184000244E+02
 5.275430878E+03	 5.150999756E+02
 5.276797943E+03	 5.170000000E+02
 5.278164714E+03	 5.185000000E+02
 5.279531190E+03	 5.177999878E+02
 5.280897372E+03	 5.180000000E+02
 5.282263260E+03	 5.174000244E+02
 5.283628854E+03	 5.159000244E+02
 5.284994154E+03	 5.164000244E+02
 5.286359160E+03	 5.187999878E+02
 5.287723872E+03	 5.180999756E+02
 5.289088291E+03	 5.174000244E+02
 5.290452416E+03	 5.159000244E+02
 5.291816248E+03	 5.170000000E+02
 5.293179786E+03	 5.165999756E+02
 5.294543031E+03	 5.182000122E+02
 5.295905984E+03	 5.182999878E+02
 5.297268643E+03	 5.170000000E+02
 5.298631009E+03	 5.155000000E+02
 5.299993083E+03	 5.180999756E+02
 5.301354864E+03	 5.185999756E+02
 5.302716352E+03	 5.185999756E+02
 5.304077548E+03	 5.170000000E+02
 5.305438452E+03	 5.185999756E+02
 5.306799063E+03	 5.167999878E+02
 5.308159382E+03	 5.164000244E+02
 5.309519410E+03	 5.169000244E+02
 5.310879145E+03	 5.170999756E+02
 5.312238588E+03	 5.160000000E+02
 5.313597740E+03	 5.180999756E+02
 5.314956600E+03	 5.167000122E+02
 5.316315169E+03	 5.155999756E+02
 5.317673446E+03	 5.177999878E+02
 5.319031432E+03	 5.177000122E+02
 5.320389127E+03	 5.167000122E+02
 5.321746531E+03	 5.175000000E+02
 5.323103643E+03	 5.164000244E+02
 5.324460465E+03	 5.157999878E+02
 5.325816996E+03	 5.182000122E+02
 5.327173237E+03	 5.180999756E+02
 5.328529186E+03	 5.150999756E+02
 5.329884846E+03	 5.172999878E+02
 5.331240215E+03	 5.182999878E+02
 5.332595294E+03	 5.170000000E+02
 5.333950082E+03	 5.177999878E+02
 5.335304581E+03	 5.175000000E+02
 5.336658789E+03	 5.175999756E+02
 5.338012708E+03	 5.179000244E+02
 5.339366337E+03	 5.180000000E+02
 5.340719677E+03	 5.162000122E+02
 5.342072726E+03	 5.187999878E+02
 5.343425487E+03	 5.175999756E+02
 5.344777958E+03	 5.164000244E+02
 5.346130140E+03	 5.175999756E+02
 5.347482033E+03	 5.185999756E+02
 5.348833637E+03	 5.165999756E+02
 5.350184952E+03	 5.170999756E+02
 5.351535978E+03	 5.167000122E+02
 5.352886715E+03	 5.182000122E+02
 5.354237164E+03	 5.164000244E+02
 5.355587324E+03	 5.179000244E+02
 5.356937196E+03	 5.160000000E+02
 5.358286780E+03	 5.175000000E+02
 5.359636075E+03	 5.174000244E+02
 5.360985082E+03	 5.170999756E+02
 5.362333802E+03	 5.175000000E+02
 5.363682233E+03	 5.177999878E+02
 5.365030377E+03	 5.162000122E+02
 5.366378233E+03	 5.162999878E+02
 5.367725801E+03	 5.157999878E+02
 5.369073082E+03	 5.175000000E+02
 5.370420076E+03	 5.172999878E+02
 5.371766782E+03	 5.182000122E+02
 5.373113201E+03	 5.157000122E+02
 5.374459333E+03	 5.167000122E+02
 5.375805178E+03	 5.170999756E+02
 5.377150736E+03	 5.147000122E+02
 5.378496008E+03	 5.175000000E+02
 5.379840992E+03	 5.154000244E+02
 5.381185691E+03	 5.159000244E+02
 5.382530102E+03	 5.182000122E+02
 5.383874228E+03	 5.180999756E+02
 5.385218067E+03	 5.167000122E+02
 5.386561620E+03	 5.177000122E+02
 5.387904887E+03	 5.190999756E+02
 5.389247868E+03	 5.164000244E+02
 5.390590563E+03	 5.164000244E+02
 5.391932972E+03	 5.175999756E+02
 5.393275096E+03	 5.160999756E+02
 5.394616934E+03	 5.165000000E+02
 5.395958487E+03	 5.187000122E+02
 5.397299754E+03	 5.172000122E+02
 5.398640736E+03	 5.172999878E+02
 5.399981433E+03	 5.174000244E+02
 5.401321845E+03	 5.172999878E+02
 5.402661972E+03	 5.170000000E+02
 5.404001814E+03	 5.160999756E+02
 5.405341371E+03	 5.177000122E+02
 5.406680644E+03	 5.175999756E+02
 5.408019632E+03	 5.155999756E+02
 5.409358336E+03	 5.149000244E+02
 5.410696755E+03	 5.159000244E+02
 5.412034890E+03	 5.170000000E+02
 5.413372741E+03	 5.182000122E+02
 5.414710308E+03	 5.185999756E+02
 5.416047591E+03	 5.157000122E+02
 5.417384590E+03	 5.177999878E+02
 5.418721305E+03	 5.177999878E+02
 5.420057737E+03	 5.180999756E+02
 5.421393885E+03	 5.165000000E+02
 5.422729749E+03	 5.172000122E+02
 5.424065331E+03	 5.175000000E+02
 5.425400629E+03	 5.177999878E+02
 5.426735643E+03	 5.180000000E+02
 5.428070375E+03	 5.167999878E+02
 5.429404824E+03	 5.169000244E+02
 5.430738990E+03	 5.172999878E+02
 5.432072873E+03	 5.174000244E+02
 5.433406474E+03	 5.169000244E+02
 5.434739792E+03	 5.167000122E+02
 5.436072827E+03	 5.162000122E+02
 5.437405580E+03	 5.162999878E+02
 5.438738051E+03	 5.165000000E+02
 5.440070240E+03	 5.154000244E+02
 5.441402146E+03	 5.170999756E+02
 5.442733771E+03	 5.170000000E+02
 5.444065113E+03	 5.170000000E+02
 5.445396174E+03	 5.180999756E+02
 5.446726953E+03	 5.165999756E+02
 5.448057451E+03	 5.160999756E+02
 5.449387667E+03	 5.180999756E+02
 5.450717602E+03	 5.179000244E+02
 5.452047255E+03	 5.157999878E+02
 5.453376628E+03	 5.170000000E+02
 5.454705719E+03	 5.172000122E+02
 5.456034529E+03	 5.172000122E+02
 5.457363058E+03	 5.180999756E+02
 5.458691307E+03	 5.170000000E+02
 5.460019274E+03	 5.155000000E+02
 5.461346961E+03	 5.159000244E+02
 5.462674368E+03	 5.170999756E+02
 5.464001494E+03	 5.167999878E+02
 5.465328340E+03	 5.150000000E+02
 5.466654905E+03	 5.180999756E+02
 5.467981191E+03	 5.165999756E+02
 5.469307196E+03	 5.174000244E+02
 5.470632922E+03	 5.165000000E+02
 5.471958367E+03	 5.179000244E+02
 5.473283533E+03	 5.159000244E+02
 5.474608420E+03	 5.160000000E+02
 5.475933026E+03	 5.174000244E+02
 5.477257354E+03	 5.172000122E+02
 5.478581401E+03	 5.170000000E+02
 5.479905170E+03	 5.167999878E+02
 5.481228660E+03	 5.180999756E+02
 5.482551870E+03	 5.152999878E+02
 5.483874801E+03	 5.174000244E+02
 5.485197454E+03	 5.152999878E+02
 5.486519828E+03	 5.174000244E+02
 5.487841923E+03	 5.164000244E+02
 5.489163739E+03	 5.164000244E+02
 5.490485277E+03	 5.170999756E+02
 5.491806537E+03	 5.169000244E+02
 5.493127518E+03	 5.155000000E+02
 5.494448221E+03	 5.187000122E+02
 5.495768646E+03	 5.167000122E+02
 5.497088793E+03	 5.174000244E+02
 5.498408662E+03	 5.147999878E+02
 5.499728253E+03	 5.170999756E+02
 5.501047566E+03	 5.172000122E+02
 5.502366602E+03	 5.175000000E+02
 5.503685360E+03	 5.160000000E+02
 5.505003841E+03	 5.174000244E+02
 5.506322044E+03	 5.165000000E+02
 5.507639970E+03	 5.174000244E+02
 5.508957619E+03	 5.155000000E+02
 5.510274991E+03	 5.175999756E+02
 5.511592086E+03	 5.172000122E+02
 5.512908904E+03	 5.162000122E+02
 5.514225446E+03	 5.170999756E+02
 5.515541710E+03	 5.187000122E+02
 5.516857698E+03	 5.150000000E+02
 5.518173410E+03	 5.170000000E+02
 5.519488845E+03	 5.154000244E+02
 5.520804003E+03	 5.172999878E+02
 5.522118886E+03	 5.174000244E+02
 5.523433492E+03	 5.149000244E+02
 5.524747822E+03	 5.169000244E+02
 5.526061877E+03	 5.165999756E+02
 5.527375655E+03	 5.174000244E+02
 5.528689158E+03	 5.162000122E+02
 5.530002385E+03	 5.180999756E+02
 5.531315337E+03	 5.175999756E+02
 5.532628013E+03	 5.147999878E+02
 5.533940414E+03	 5.172000122E+02
 5.535252539E+03	 5.174000244E+02
 5.536564389E+03	 5.170999756E+02
 5.537875964E+03	 5.177000122E+02
 5.539187264E+03	 5.175999756E+02
 5.540498290E+03	 5.157999878E+02
 5.541809040E+03	 5.152000122E+02
 5.543119516E+03	 5.169000244E+02
 5.544429717E+03	 5.165000000E+02
 5.545739643E+03	 5.162999878E+02
 5.547049295E+03	 5.169000244E+02
 5.548358673E+03	 5.160999756E+02
 5.549667776E+03	 5.155999756E+02
 5.550976605E+03	 5.177000122E+02
 5.552285160E+03	 5.182000122E+02
 5.553593442E+03	 5.174000244E+02
 5.554901449E+03	 5.172000122E+02
 5.556209182E+03	 5.170999756E+02
 5.557516642E+03	 5.147999878E+02
 5.558823828E+03	 5.170999756E+02
 5.560130741E+03	 5.152999878E+02
 5.561437380E+03	 5.170000000E+02
 5.562743746E+03	 5.172999878E+02
 5.564049838E+03	 5.160000000E+02
 5.565355657E+03	 5.187000122E+02
 5.566661204E+03	 5.162999878E+02
 5.567966477E+03	 5.180000000E+02
 5.569271478E+03	 5.177999878E+02
 5.570576205E+03	 5.172000122E+02
 5.571880660E+03	 5.177000122E+02
 5.573184842E+03	 5.155999756E+02
 5.574488752E+03	 5.160000000E+02
 5.575792390E+03	 5.172000122E+02
 5.577095755E+03	 5.154000244E+02
 5.578398848E+03	 5.185999756E+02
 5.579701668E+03	 5.165000000E+02
 5.581004217E+03	 5.162999878E+02
 5.582306493E+03	 5.177000122E+02
 5.583608498E+03	 5.179000244E+02
 5.584910231E+03	 5.174000244E+02
 5.586211692E+03	 5.177000122E+02
 5.587512882E+03	 5.149000244E+02
 5.588813800E+03	 5.160000000E+02
 5.590114447E+03	 5.165999756E+02
 5.591414822E+03	 5.157999878E+02
 5.592714926E+03	 5.172000122E+02
 5.594014759E+03	 5.180000000E+02
 5.595314321E+03	 5.157999878E+02
 5.596613612E+03	 5.167000122E+02
 5.597912632E+03	 5.140999756E+02
 5.599211381E+03	 5.147999878E+02
 5.600509860E+03	 5.170999756E+02
 5.601808068E+03	 5.154000244E+02
 5.603106005E+03	 5.165999756E+02
 5.604403672E+03	 5.164000244E+02
 5.605701068E+03	 5.170999756E+02
 5.606998195E+03	 5.167000122E+02
 5.608295051E+03	 5.167999878E+02
 5.609591637E+03	 5.179000244E+02
 5.610887953E+03	 5.170000000E+02
 5.612183999E+03	 5.165999756E+02
 5.613479776E+03	 5.160000000E+02
 5.614775282E+03	 5.164000244E+02
 5.616070519E+03	 5.175999756E+02
 5.617365487E+03	 5.175999756E+02
 5.618660185E+03	 5.162999878E+02
 5.619954614E+03	 5.160000000E+02
 5.621248773E+03	 5.170999756E+02
 5.622542663E+03	 5.147999878E+02
 5.623836284E+03	 5.185999756E+02
 5.625129637E+03	 5.162999878E+02
 5.626422720E+03	 5.177999878E+02
 5.627715534E+03	 5.164000244E+02
 5.629008080E+03	 5.160000000E+02
 5.630300357E+03	 5.167000122E+02
 5.631592365E+03	 5.187999878E+02
 5.632884105E+03	 5.162000122E+02
 5.634175577E+03	 5.175000000E+02
 5.635466780E+03	 5.167000122E+02
 5.636757715E+03	 5.169000244E+02
 5.638048382E+03	 5.182000122E+02
 5.639338781E+03	 5.164000244E+02
